image: /opt/ros/rr100_ws/src/rr100_navigation/maps/playpen.pgm
resolution: 0.050000
origin: [-10.413094, -10.299545, 0.000000]
negate: 0
occupied_thresh: 0.65
free_thresh: 0.196

