image: rhoban.pgm
resolution: 0.050000
origin: [-15.020678, -2.876695, 0.000000]
negate: 0
occupied_thresh: 0.65
free_thresh: 0.196

